34 26
33.1391573333 27.068416
32.3164586667 28.192128
31.531648 29.368832
30.7844693333 30.596224
30.0746666667 31.872
29.401984 33.193856
28.7661653333 34.559488
28.1669546667 35.966592
27.604096 37.412864
27.0773333333 38.896
26.5864106667 40.413696
26.131072 41.963648
25.7110613333 43.543552
25.3261226667 45.151104
24.976 46.784
24.6604373333 48.439936
24.3791786667 50.116608
24.131968 51.811712
23.9185493333 53.522944
23.7386666667 55.248
23.592064 56.984576
23.4784853333 58.730368
23.3976746667 60.483072
23.349376 62.240384
23.3333333333 64
23.349376 65.7596053333
23.3976746667 67.5168426667
23.4784853333 69.269344
23.592064 71.0147413333
23.7386666667 72.7506666667
23.9185493333 74.474752
24.131968 76.1846293333
24.3791786667 77.8779306667
24.6604373333 79.552288
24.976 81.2053333333
25.3261226667 82.8346986667
25.7110613333 84.438016
26.131072 86.0129173333
26.5864106667 87.5570346667
27.0773333333 89.068
27.604096 90.5434453333
28.1669546667 91.9810026667
28.7661653333 93.378304
29.401984 94.7329813333
30.0746666667 96.0426666667
30.7844693333 97.304992
31.531648 98.5175893333
32.3164586667 99.6780906667
33.1391573333 100.784128
34 101.833333333
34.8989653333 102.823946667
35.8349226667 103.75664
36.806464 104.632693333
37.8121813333 105.453386667
38.8506666667 106.22
39.920512 106.933813333
41.0203093333 107.596106667
42.1486506667 108.20816
43.304128 108.771253333
44.4853333333 109.286666667
45.6908586667 109.75568
46.919296 110.179573333
48.1692373333 110.559626667
49.4392746667 110.89712
50.728 111.193333333
52.0340053333 111.449546667
53.3558826667 111.66704
54.692224 111.847093333
56.0416213333 111.990986667
57.4026666667 112.1
58.773952 112.175413333
60.1540693333 112.218506667
61.5416106667 112.23056
62.935168 112.212853333
64.3333333333 112.166666667
65.734656 112.092917333
67.1375146667 111.991072
68.5402453333 111.860234667
69.941184 111.699509333
71.3386666667 111.508
72.7310293333 111.284810667
74.116608 111.029045333
75.4937386667 110.739808
76.8607573333 110.416202667
78.216 110.057333333
79.5578026667 109.662304
80.8845013333 109.230218667
82.194432 108.760181333
83.4859306667 108.251296
84.7573333333 107.702666667
86.006976 107.113397333
87.2331946667 106.482592
88.4343253333 105.809354667
89.608704 105.092789333
90.7546666667 104.332
91.8705493333 103.526090667
92.954688 102.674165333
94.0054186667 101.775328
95.0210773333 100.828682667
96 99.8333333333
96.9408 98.7888533333
97.8432 97.6966933333
98.7072 96.5587733333
99.5328 95.3770133333
100.32 94.1533333333
101.0688 92.8896533333
101.7792 91.5878933333
102.4512 90.2499733333
103.0848 88.8778133333
103.68 87.4733333333
104.2368 86.0384533333
104.7552 84.5750933333
105.2352 83.0851733333
105.6768 81.5706133333
106.08 80.0333333333
106.4448 78.4752533333
106.7712 76.8982933333
107.0592 75.3043733333
107.3088 73.6954133333
107.52 72.0733333333
107.6928 70.4400533333
107.8272 68.7974933333
107.9232 67.1475733333
107.9808 65.4922133333
108 63.8333333333
107.9808 62.1728853333
107.9232 60.5129493333
107.8272 58.8556373333
107.6928 57.2030613333
107.52 55.5573333333
107.3088 53.9205653333
107.0592 52.2948693333
106.7712 50.6823573333
106.4448 49.0851413333
106.08 47.5053333333
105.6768 45.9450453333
105.2352 44.4063893333
104.7552 42.8914773333
104.2368 41.4024213333
103.68 39.9413333333
103.0848 38.5103253333
102.4512 37.1115093333
101.7792 35.7469973333
101.0688 34.4189013333
100.32 33.1293333333
99.5328 31.8804053333
98.7072 30.6742293333
97.8432 29.5129173333
96.9408 28.3985813333
96 27.3333333333
95.0210773333 26.318784
94.0054186667 25.3545386667
92.954688 24.4397013333
91.8705493333 23.573376
90.7546666667 22.7546666667
89.608704 21.9826773333
88.4343253333 21.256512
87.2331946667 20.5752746667
86.006976 19.9380693333
84.7573333333 19.344
83.4859306667 18.7921706667
82.194432 18.2816853333
80.8845013333 17.811648
79.5578026667 17.3811626667
78.216 16.9893333333
76.8607573333 16.635264
75.4937386667 16.3180586667
74.116608 16.0368213333
72.7310293333 15.790656
71.3386666667 15.5786666667
69.941184 15.3999573333
68.5402453333 15.253632
67.1375146667 15.1387946667
65.734656 15.0545493333
64.3333333333 15
62.935168 14.974592
61.5416106667 14.979136
60.1540693333 15.014784
58.773952 15.082688
57.4026666667 15.184
56.0416213333 15.319872
54.692224 15.491456
53.3558826667 15.699904
52.0340053333 15.946368
50.728 16.232
49.4392746667 16.557952
48.1692373333 16.925376
46.919296 17.335424
45.6908586667 17.789248
44.4853333333 18.288
43.304128 18.832832
42.1486506667 19.424896
41.0203093333 20.065344
39.920512 20.755328
38.8506666667 21.496
37.8121813333 22.288512
36.806464 23.134016
35.8349226667 24.033664
34.8989653333 24.988608
